996310583
966488502
261885589
554251112
911709047
1667672998
1474088560
809064751
1099762218
277969532
516894464
260986986
1270973488
543150537
584101170
1753144681
961743188
901243125
1282666612
1387234966
1237952894
763898213
1536852358
1797946061
751367304
338393381
982358769
1039004302
511311707
1450960391
1002736428
549177865
1399274777
867491452
433296693
1217450201
1790645201
1384507344
1399282735
1619370287
773708242
1193155376
1358907024
635472688
1379326645
1393659503
572206438
690012825
927656581
835919804
982316917
612595175
1030208860
577293426
950663668
1029218262
892398192
830370221
879984918
907018203
1453013768
1017958571
1220424746
964557369
809005978
614516153
1108157180
872727412
843683989
847134795
1046070973
461373055
661248262
1107959819
1156630013
918210262
1000886848
1084172216
1098194807
917530002
1221091610
1141581647
1208680784
639643738
921787928
1107720030
1571002625
1228442923
994697722
930003720
1313957493
1253901027
172515459
978105235
1429908452
1076477103
1335801871
230749424
1733184741
1071668350
1214304895
933886070
1610162415
977953686
1024627704
1305894490
1353685757
1404798351
885610158
1103745578
1740979779
855637579
858100908
1756173312
398426298
1760810839
1348306753
276895447
1285862064
1330047630
1147425162
1019189688
1368138238
1234652936
1494694571
1019539842
431927914
1296258444
1689991006
1325399225
679948027
679905865
1154405454
1602514319
1648010394
456583189
1038105240
1179157448
888598844
612071428
501030516
1448317548
169937438
1408521291
1373176579
